4425022817532531
3970549712992749
4090048494414679
3879820625449851
4273708615994644
3558239110957931
4095441693845864
2888913457900022
4273855425993039
3785497798239178
4274986079230223
3948938638531780
4280414971990616
3956140254471401
4803863426303617
3814544418644532
2992712324187334
6272148462802623
4331720480174368
3904888026294414
4165325953489924
4227545877280237
3686794618116617
4337296592988258
3562450717191803
4331338743544165
3769951206460452
3928379120591607
3341722985930723
5358489767554639
4021759027903046
4229230047097896
4511557365525082
4051938404895414
3566713533434537
3984078604961952
3369515113151879
4392831014061638
4269960239681777
3617360278368035
4056275187821237
3633590350080069
6317259671649857
5680263618681132
3922746311096619
3750400701754952
3997459193670346
3488822911217244
5422380254498962
5473413806065812
